NumIters,Seconds,LearningRate,loss

0.0,0.151008,0.001,7.24659

10.0,0.86905,0.001,3.15117

20.0,1.56709,0.001,3.52175

30.0,2.266129,0.001,2.59651

40.0,2.964169,0.001,1.31738

50.0,3.656209,0.001,1.27915

60.0,4.352249,0.001,1.073

70.0,5.05129,0.001,0.677166

80.0,5.751329,0.001,0.712717

90.0,6.449369,0.001,0.389561

100.0,7.145408,0.001,0.624026

110.0,7.844449,0.001,0.281522

120.0,8.542489,0.001,0.209925

130.0,9.242528,0.001,0.273604

140.0,9.943569,0.001,0.0849738

150.0,10.645609,0.001,0.120908

160.0,11.345649,0.001,0.282361

170.0,12.04569,0.001,0.57695

180.0,12.745729,0.001,0.0841252

190.0,13.442769,0.001,0.0554345

200.0,14.141809,0.001,0.147123

210.0,14.84185,0.001,0.135759

220.0,15.540889,0.001,0.111146

230.0,16.242929,0.001,0.107494

240.0,16.94297,0.001,0.0291218

250.0,17.642009,0.001,0.141677

260.0,18.340049,0.001,0.0641238

270.0,19.041089,0.001,0.152304

280.0,19.74213,0.001,0.11859

290.0,20.441169,0.001,0.151155

300.0,21.142209,0.001,0.140178

310.0,21.840249,0.001,0.177858

320.0,22.543289,0.001,0.0560653

330.0,23.24633,0.001,0.0315541

340.0,23.94837,0.001,0.00823673

350.0,24.65241,0.001,0.00665187

360.0,25.35745,0.001,0.108042

370.0,26.06049,0.001,0.09843

380.0,26.76153,0.001,0.0382781

390.0,27.466572,0.001,0.0808466

400.0,28.169611,0.001,0.0476315

410.0,28.871651,0.001,0.192428

420.0,29.574691,0.001,0.17216

430.0,30.277732,0.001,0.119829

440.0,30.983772,0.001,0.0328115

450.0,31.687813,0.001,0.0109791

460.0,32.391854,0.001,0.0113647

470.0,33.101893,0.001,0.0475617

480.0,33.807934,0.001,0.0772851

490.0,34.510974,0.001,0.0607841
